? forprime(q=3,100000,if(issquare(4*q-27), z=Mod(x,polcyclo(q));g=znprimroot(q); a=sqrtint(4*q-27);if((a%3)==2, a=-a); s2=Mod(a-3,q)/Mod(6,q); if(s2!=g^((q-
1)/3),g=1/g); eta0=sum(j=1,(q-1)/3,z^(lift(g^(3*j)))); eta1=sum(j=1,(q-1)/3,z^(lift(g^(3*j+1)))); eta2=sum(j=1,(q-1)/3,z^(lift(g^(3*j+2)))); alpha=eta0-eta1
;beta=eta1-eta2;gama=eta2-eta0; f=X^3-q*X-q;diff = subst(f,X,alpha); diff2 = subst(f,X,beta); diff3 = subst(f,X,gama);   betadiff = 2*a*beta - (6*alpha^2 -
(a+9)*alpha - 4*q); print(q," ",a%3," ",liftall(diff)," ",liftall(diff2)," ",liftall(diff3)," ",liftall(betadiff)) ))
7 1 0 0 0 0
13 1 0 0 0 0
19 1 0 0 0 0
37 1 0 0 0 0
79 1 0 0 0 0
97 1 0 0 0 0
139 1 0 0 0 0
163 1 0 0 0 0
313 1 0 0 0 0
349 1 0 0 0 0
607 1 0 0 0 0
709 1 0 0 0 0
877 1 0 0 0 0
937 1 0 0 0 0
1063 1 0 0 0 0
1129 1 0 0 0 0
1489 1 0 0 0 0
1567 1 0 0 0 0
1987 1 0 0 0 0
2557 1 0 0 0 0
2659 1 0 0 0 0
3313 1 0 0 0 0
3547 1 0 0 0 0
4297 1 0 0 0 0
5119 1 0 0 0 0
5557 1 0 0 0 0
7489 1 0 0 0 0
8017 1 0 0 0 0
8563 1 0 0 0 0
9127 1 0 0 0 0
9319 1 0 0 0 0
  *** _-_: Warning: increasing stack size to 16000000.
9907 1 0 0 0 0
10513 1 0 0 0 0
11779 1 0 0 0 0
12889 1 0 0 0 0
15013 1 0 0 0 0
15259 1 0 0 0 0
16519 1 0 0 0 0
17299 1 0 0 0 0
18097 1 0 0 0 0
18367 1 0 0 0 0
18913 1 0 0 0 0
  *** _-_: Warning: increasing stack size to 32000000.
20029 1 0 0 0 0
20599 1 0 0 0 0
20887 1 0 0 0 0
24499 1 0 0 0 0
25447 1 0 0 0 0
27067 1 0 0 0 0
27397 1 0 0 0 0
29077 1 0 0 0 0
30109 1 0 0 0 0
31159 1 0 0 0 0
31513 1 0 0 0 0
32587 1 0 0 0 0
33679 1 0 0 0 0
  *** _-_: Warning: increasing stack size to 64000000.
39409 1 0 0 0 0
40609 1 0 0 0 0
42649 1 0 0 0 0
43063 1 0 0 0 0
45589 1 0 0 0 0
46447 1 0 0 0 0
48187 1 0 0 0 0
49069 1 0 0 0 0
50857 1 0 0 0 0
57367 1 0 0 0 0
57847 1 0 0 0 0
65287 1 0 0 0 0
67867 1 0 0 0 0
68389 1 0 0 0 0
69439 1 0 0 0 0
71563 1 0 0 0 0
  *** _-_: Warning: increasing stack size to 128000000.
77569 1 0 0 0 0
79813 1 0 0 0 0
81517 1 0 0 0 0
84979 1 0 0 0 0
88513 1 0 0 0 0
91513 1 0 0 0 0
92119 1 0 0 0 0
93337 1 0 0 0 0
93949 1 0 0 0 0
97039 1 0 0 0 0
?